  133  1.0790E-03  5.024E+01 5.109E-03 5.025E+01 1.135E-05 8.164E-06  4.210E-03 4.202E-03 1.017E-04 1.759E-06 8.809E-09
  132  1.1766E-03  4.878E+01 5.320E-03 4.879E+01 1.332E-05 1.623E-05  4.589E-03 4.207E-03 1.091E-04 1.972E-06 1.029E-08
  131  1.2831E-03  4.722E+01 5.535E-03 4.722E+01 1.554E-05 2.427E-05  5.003E-03 4.212E-03 1.172E-04 2.219E-06 1.205E-08
  130  1.3992E-03  4.558E+01 5.756E-03 4.558E+01 1.804E-05 3.236E-05  5.454E-03 4.218E-03 1.263E-04 2.503E-06 1.414E-08
  129  1.5259E-03  4.389E+01 5.982E-03 4.390E+01 2.088E-05 4.057E-05  5.945E-03 4.224E-03 1.363E-04 2.831E-06 1.662E-08
  128  1.6640E-03  4.217E+01 6.213E-03 4.218E+01 2.409E-05 4.897E-05  6.481E-03 4.231E-03 1.473E-04 3.210E-06 1.958E-08
  127  1.8146E-03  4.044E+01 6.450E-03 4.044E+01 2.773E-05 5.764E-05  7.064E-03 4.238E-03 1.595E-04 3.647E-06 2.310E-08
  126  1.9788E-03  3.870E+01 6.690E-03 3.871E+01 3.189E-05 6.664E-05  7.700E-03 4.246E-03 1.729E-04 4.152E-06 2.729E-08
  125  2.1579E-03  3.698E+01 6.936E-03 3.699E+01 3.662E-05 7.607E-05  8.393E-03 4.255E-03 1.876E-04 4.735E-06 3.227E-08
  124  2.3532E-03  3.528E+01 7.185E-03 3.529E+01 4.203E-05 8.598E-05  9.147E-03 4.265E-03 2.037E-04 5.408E-06 3.819E-08
  123  2.5662E-03  3.361E+01 7.437E-03 3.362E+01 4.821E-05 9.648E-05  9.969E-03 4.275E-03 2.213E-04 6.186E-06 4.524E-08
  122  2.7985E-03  3.198E+01 7.693E-03 3.198E+01 5.530E-05 1.076E-04  1.086E-02 4.287E-03 2.406E-04 7.086E-06 5.362E-08
  121  3.0518E-03  3.038E+01 7.950E-03 3.039E+01 6.343E-05 1.195E-04  1.184E-02 4.299E-03 2.617E-04 8.127E-06 6.359E-08
  120  3.3280E-03  2.884E+01 8.210E-03 2.885E+01 7.276E-05 1.323E-04  1.290E-02 4.313E-03 2.847E-04 9.332E-06 7.543E-08
  119  3.6292E-03  2.735E+01 8.472E-03 2.736E+01 8.349E-05 1.460E-04  1.405E-02 4.328E-03 3.098E-04 1.073E-05 8.950E-08
  118  3.9576E-03  2.591E+01 8.734E-03 2.591E+01 9.583E-05 1.607E-04  1.531E-02 4.344E-03 3.372E-04 1.234E-05 1.062E-07
  117  4.3158E-03  2.452E+01 8.997E-03 2.453E+01 1.100E-04 1.766E-04  1.668E-02 4.362E-03 3.670E-04 1.421E-05 1.261E-07
  116  4.7065E-03  2.319E+01 9.260E-03 2.320E+01 1.264E-04 1.937E-04  1.817E-02 4.381E-03 3.994E-04 1.638E-05 1.496E-07
  115  5.1324E-03  2.191E+01 9.521E-03 2.192E+01 1.453E-04 2.122E-04  1.979E-02 4.402E-03 4.346E-04 1.890E-05 1.775E-07
  114  5.5969E-03  2.069E+01 9.781E-03 2.070E+01 1.671E-04 2.322E-04  2.155E-02 4.426E-03 4.728E-04 2.182E-05 2.107E-07
  113  6.1035E-03  1.952E+01 1.004E-02 1.953E+01 1.924E-04 2.539E-04  2.347E-02 4.451E-03 5.142E-04 2.521E-05 2.499E-07
  112  6.6559E-03  1.841E+01 1.029E-02 1.842E+01 2.215E-04 2.774E-04  2.555E-02 4.479E-03 5.591E-04 2.914E-05 2.963E-07
  111  7.2583E-03  1.735E+01 1.054E-02 1.736E+01 2.552E-04 3.027E-04  2.781E-02 4.510E-03 6.076E-04 3.370E-05 3.512E-07
  110  7.9153E-03  1.635E+01 1.079E-02 1.636E+01 2.942E-04 3.302E-04  3.027E-02 4.543E-03 6.601E-04 3.900E-05 4.162E-07
  109  8.6317E-03  1.539E+01 1.103E-02 1.540E+01 3.394E-04 3.599E-04  3.295E-02 4.580E-03 7.167E-04 4.516E-05 4.928E-07
  108  9.4129E-03  1.449E+01 1.127E-02 1.450E+01 3.917E-04 3.920E-04  3.585E-02 4.620E-03 7.777E-04 5.231E-05 5.833E-07
  107  1.0265E-02  1.363E+01 1.150E-02 1.364E+01 4.523E-04 4.267E-04  3.900E-02 4.664E-03 8.434E-04 6.061E-05 6.900E-07
  106  1.1194E-02  1.282E+01 1.172E-02 1.283E+01 5.225E-04 4.641E-04  4.241E-02 4.713E-03 9.140E-04 7.026E-05 8.157E-07
  105  1.2207E-02  1.205E+01 1.193E-02 1.207E+01 6.040E-04 5.045E-04  4.612E-02 4.766E-03 9.900E-04 8.147E-05 9.637E-07
  104  1.3312E-02  1.133E+01 1.214E-02 1.134E+01 6.985E-04 5.481E-04  5.013E-02 4.825E-03 1.071E-03 9.449E-05 1.138E-06
  103  1.4517E-02  1.065E+01 1.234E-02 1.066E+01 8.081E-04 5.951E-04  5.448E-02 4.889E-03 1.159E-03 1.096E-04 1.342E-06
  102  1.5831E-02  1.001E+01 1.253E-02 1.002E+01 9.353E-04 6.457E-04  5.919E-02 4.960E-03 1.252E-03 1.272E-04 1.582E-06
  101  1.7263E-02  9.402E+00 1.272E-02 9.414E+00 1.083E-03 7.001E-04  6.429E-02 5.038E-03 1.353E-03 1.476E-04 1.864E-06
  100  1.8826E-02  8.832E+00 1.289E-02 8.845E+00 1.254E-03 7.585E-04  6.980E-02 5.124E-03 1.459E-03 1.713E-04 2.194E-06
   99  2.0530E-02  8.297E+00 1.305E-02 8.310E+00 1.453E-03 8.212E-04  7.575E-02 5.218E-03 1.573E-03 1.989E-04 2.580E-06
   98  2.2388E-02  7.795E+00 1.321E-02 7.808E+00 1.684E-03 8.885E-04  8.218E-02 5.323E-03 1.694E-03 2.308E-04 3.031E-06
   97  2.4414E-02  7.323E+00 1.335E-02 7.336E+00 1.952E-03 9.605E-04  8.912E-02 5.438E-03 1.824E-03 2.679E-04 3.558E-06
   96  2.6624E-02  6.880E+00 1.349E-02 6.894E+00 2.263E-03 1.038E-03  9.659E-02 5.566E-03 1.961E-03 3.109E-04 4.174E-06
   95  2.9033E-02  6.466E+00 1.362E-02 6.479E+00 2.623E-03 1.120E-03  1.046E-01 5.707E-03 2.107E-03 3.608E-04 4.892E-06
   94  3.1661E-02  6.077E+00 1.375E-02 6.091E+00 3.042E-03 1.208E-03  1.133E-01 5.863E-03 2.262E-03 4.186E-04 5.729E-06
   93  3.4527E-02  5.713E+00 1.387E-02 5.727E+00 3.528E-03 1.302E-03  1.226E-01 6.037E-03 2.428E-03 4.855E-04 6.705E-06
   92  3.7652E-02  5.373E+00 1.399E-02 5.387E+00 4.090E-03 1.402E-03  1.325E-01 6.229E-03 2.604E-03 5.630E-04 7.842E-06
   91  4.1059E-02  5.055E+00 1.411E-02 5.069E+00 4.743E-03 1.509E-03  1.432E-01 6.442E-03 2.791E-03 6.525E-04 9.168E-06
   90  4.4776E-02  4.758E+00 1.422E-02 4.772E+00 5.499E-03 1.623E-03  1.546E-01 6.679E-03 2.990E-03 7.561E-04 1.071E-05
   89  4.8828E-02  4.480E+00 1.434E-02 4.495E+00 6.375E-03 1.744E-03  1.668E-01 6.943E-03 3.201E-03 8.756E-04 1.251E-05
   88  5.3247E-02  4.221E+00 1.445E-02 4.236E+00 7.388E-03 1.874E-03  1.798E-01 7.235E-03 3.424E-03 1.013E-03 1.459E-05
   87  5.8067E-02  3.980E+00 1.456E-02 3.994E+00 8.561E-03 2.011E-03  1.937E-01 7.560E-03 3.659E-03 1.172E-03 1.701E-05
   86  6.3322E-02  3.755E+00 1.468E-02 3.770E+00 9.916E-03 2.157E-03  2.084E-01 7.920E-03 3.910E-03 1.355E-03 1.982E-05
   85  6.9053E-02  3.546E+00 1.480E-02 3.560E+00 1.148E-02 2.312E-03  2.239E-01 8.319E-03 4.175E-03 1.565E-03 2.308E-05
   84  7.5303E-02  3.351E+00 1.493E-02 3.366E+00 1.329E-02 2.477E-03  2.404E-01 8.759E-03 4.455E-03 1.807E-03 2.686E-05
   83  8.2119E-02  3.170E+00 1.506E-02 3.185E+00 1.537E-02 2.652E-03  2.577E-01 9.243E-03 4.751E-03 2.083E-03 3.123E-05
   82  8.9551E-02  3.001E+00 1.519E-02 3.016E+00 1.777E-02 2.837E-03  2.760E-01 9.773E-03 5.062E-03 2.399E-03 3.630E-05
   81  9.7656E-02  2.845E+00 1.534E-02 2.860E+00 2.053E-02 3.033E-03  2.951E-01 1.035E-02 5.391E-03 2.761E-03 4.215E-05
   80  1.0649E-01  2.700E+00 1.550E-02 2.716E+00 2.370E-02 3.241E-03  3.152E-01 1.097E-02 5.739E-03 3.173E-03 4.892E-05
   79  1.1613E-01  2.566E+00 1.567E-02 2.582E+00 2.735E-02 3.461E-03  3.361E-01 1.164E-02 6.108E-03 3.642E-03 5.677E-05
   78  1.2664E-01  2.442E+00 1.587E-02 2.458E+00 3.152E-02 3.693E-03  3.578E-01 1.235E-02 6.498E-03 4.175E-03 6.585E-05
   77  1.3811E-01  2.327E+00 1.608E-02 2.343E+00 3.630E-02 3.940E-03  3.803E-01 1.310E-02 6.910E-03 4.779E-03 7.634E-05
   76  1.5061E-01  2.221E+00 1.631E-02 2.238E+00 4.176E-02 4.200E-03  4.035E-01 1.388E-02 7.344E-03 5.462E-03 8.847E-05
   75  1.6424E-01  2.124E+00 1.657E-02 2.140E+00 4.800E-02 4.475E-03  4.273E-01 1.470E-02 7.801E-03 6.232E-03 1.025E-04
   74  1.7910E-01  2.034E+00 1.685E-02 2.051E+00 5.509E-02 4.766E-03  4.517E-01 1.554E-02 8.284E-03 7.099E-03 1.186E-04
   73  1.9531E-01  1.951E+00 1.716E-02 1.969E+00 6.317E-02 5.073E-03  4.766E-01 1.642E-02 8.796E-03 8.072E-03 1.373E-04
   72  2.1299E-01  1.876E+00 1.752E-02 1.893E+00 7.233E-02 5.398E-03  5.018E-01 1.733E-02 9.341E-03 9.161E-03 1.589E-04
   71  2.3227E-01  1.807E+00 1.793E-02 1.825E+00 8.270E-02 5.742E-03  5.273E-01 1.827E-02 9.924E-03 1.038E-02 1.839E-04
   70  2.5329E-01  1.744E+00 1.839E-02 1.762E+00 9.444E-02 6.107E-03  5.530E-01 1.925E-02 1.055E-02 1.173E-02 2.130E-04
   69  2.7621E-01  1.686E+00 1.891E-02 1.705E+00 1.077E-01 6.493E-03  5.786E-01 2.027E-02 1.122E-02 1.323E-02 2.468E-04
   68  3.0121E-01  1.634E+00 1.950E-02 1.654E+00 1.226E-01 6.904E-03  6.042E-01 2.135E-02 1.193E-02 1.490E-02 2.861E-04
   67  3.2848E-01  1.587E+00 2.017E-02 1.607E+00 1.393E-01 7.341E-03  6.295E-01 2.248E-02 1.271E-02 1.673E-02 3.318E-04
   66  3.5820E-01  1.545E+00 2.092E-02 1.566E+00 1.580E-01 7.807E-03  6.544E-01 2.368E-02 1.354E-02 1.875E-02 3.851E-04
   65  3.9062E-01  1.507E+00 2.176E-02 1.528E+00 1.790E-01 8.304E-03  6.788E-01 2.495E-02 1.444E-02 2.097E-02 4.474E-04
   64  4.2598E-01  1.473E+00 2.271E-02 1.495E+00 2.024E-01 8.836E-03  7.026E-01 2.631E-02 1.542E-02 2.339E-02 5.202E-04
   63  4.6453E-01  1.443E+00 2.378E-02 1.466E+00 2.284E-01 9.406E-03  7.256E-01 2.775E-02 1.648E-02 2.604E-02 6.054E-04
   62  5.0658E-01  1.416E+00 2.498E-02 1.441E+00 2.574E-01 1.002E-02  7.478E-01 2.930E-02 1.764E-02 2.893E-02 7.054E-04
   61  5.5243E-01  1.393E+00 2.634E-02 1.419E+00 2.894E-01 1.068E-02  7.691E-01 3.096E-02 1.891E-02 3.207E-02 8.228E-04
   60  6.0243E-01  1.373E+00 2.786E-02 1.401E+00 3.249E-01 1.139E-02  7.894E-01 3.273E-02 2.029E-02 3.547E-02 9.610E-04
   59  6.5695E-01  1.356E+00 2.957E-02 1.386E+00 3.641E-01 1.215E-02  8.086E-01 3.463E-02 2.181E-02 3.914E-02 1.124E-03
   58  7.1641E-01  1.342E+00 3.150E-02 1.373E+00 4.072E-01 1.298E-02  8.267E-01 3.666E-02 2.348E-02 4.311E-02 1.316E-03
   57  7.8125E-01  1.330E+00 3.367E-02 1.364E+00 4.546E-01 1.388E-02  8.436E-01 3.884E-02 2.532E-02 4.739E-02 1.544E-03
   56  8.5196E-01  1.320E+00 3.611E-02 1.357E+00 5.066E-01 1.486E-02  8.594E-01 4.117E-02 2.735E-02 5.200E-02 1.814E-03
   55  9.2907E-01  1.313E+00 3.885E-02 1.352E+00 5.635E-01 1.592E-02  8.741E-01 4.367E-02 2.959E-02 5.695E-02 2.134E-03
   54  1.0132E+00  1.308E+00 4.193E-02 1.350E+00 6.258E-01 1.708E-02  8.876E-01 4.634E-02 3.206E-02 6.226E-02 2.514E-03
   53  1.1049E+00  1.304E+00 4.537E-02 1.350E+00 6.937E-01 1.835E-02  9.000E-01 4.919E-02 3.479E-02 6.795E-02 2.966E-03
   52  1.2049E+00  1.302E+00 4.923E-02 1.352E+00 7.678E-01 1.973E-02  9.113E-01 5.223E-02 3.780E-02 7.405E-02 3.502E-03
   51  1.3139E+00  1.302E+00 5.354E-02 1.355E+00 8.483E-01 2.124E-02  9.216E-01 5.547E-02 4.113E-02 8.058E-02 4.140E-03
   50  1.4328E+00  1.303E+00 5.836E-02 1.361E+00 9.359E-01 2.290E-02  9.309E-01 5.892E-02 4.480E-02 8.756E-02 4.898E-03
   49  1.5625E+00  1.305E+00 6.375E-02 1.369E+00 1.031E+00 2.471E-02  9.393E-01 6.259E-02 4.885E-02 9.501E-02 5.800E-03
   48  1.7039E+00  1.308E+00 6.976E-02 1.378E+00 1.134E+00 2.669E-02  9.468E-01 6.648E-02 5.332E-02 1.030E-01 6.872E-03
   47  1.8581E+00  1.313E+00 7.646E-02 1.389E+00 1.245E+00 2.886E-02  9.535E-01 7.059E-02 5.825E-02 1.115E-01 8.148E-03
   46  2.0263E+00  1.318E+00 8.394E-02 1.402E+00 1.366E+00 3.124E-02  9.594E-01 7.493E-02 6.370E-02 1.205E-01 9.664E-03
   45  2.2097E+00  1.324E+00 9.226E-02 1.416E+00 1.496E+00 3.383E-02  9.647E-01 7.949E-02 6.970E-02 1.302E-01 1.147E-02
   44  2.4097E+00  1.330E+00 1.015E-01 1.432E+00 1.637E+00 3.667E-02  9.694E-01 8.428E-02 7.632E-02 1.405E-01 1.361E-02
   43  2.6278E+00  1.337E+00 1.118E-01 1.449E+00 1.788E+00 3.977E-02  9.735E-01 8.929E-02 8.361E-02 1.514E-01 1.615E-02
   42  2.8656E+00  1.345E+00 1.233E-01 1.468E+00 1.951E+00 4.316E-02  9.771E-01 9.452E-02 9.165E-02 1.630E-01 1.916E-02
   41  3.1250E+00  1.353E+00 1.360E-01 1.489E+00 2.126E+00 4.685E-02  9.802E-01 9.996E-02 1.005E-01 1.754E-01 2.273E-02
   40  3.4078E+00  1.362E+00 1.501E-01 1.512E+00 2.315E+00 5.087E-02  9.830E-01 1.056E-01 1.102E-01 1.885E-01 2.695E-02
   39  3.7163E+00  1.371E+00 1.657E-01 1.536E+00 2.517E+00 5.525E-02  9.854E-01 1.114E-01 1.209E-01 2.024E-01 3.195E-02
   38  4.0526E+00  1.380E+00 1.831E-01 1.563E+00 2.734E+00 6.000E-02  9.875E-01 1.175E-01 1.327E-01 2.171E-01 3.784E-02
   37  4.4194E+00  1.389E+00 2.022E-01 1.591E+00 2.967E+00 6.515E-02  9.893E-01 1.237E-01 1.456E-01 2.326E-01 4.479E-02
   36  4.8194E+00  1.399E+00 2.234E-01 1.622E+00 3.216E+00 7.074E-02  9.908E-01 1.300E-01 1.597E-01 2.489E-01 5.297E-02
   35  5.2556E+00  1.409E+00 2.469E-01 1.655E+00 3.482E+00 7.677E-02  9.921E-01 1.366E-01 1.753E-01 2.662E-01 6.257E-02
   34  5.7313E+00  1.418E+00 2.728E-01 1.691E+00 3.766E+00 8.328E-02  9.933E-01 1.433E-01 1.923E-01 2.843E-01 7.384E-02
   33  6.2500E+00  1.428E+00 3.014E-01 1.730E+00 4.070E+00 9.030E-02  9.943E-01 1.502E-01 2.110E-01 3.033E-01 8.704E-02
   32  6.8157E+00  1.438E+00 3.331E-01 1.772E+00 4.393E+00 9.784E-02  9.951E-01 1.572E-01 2.316E-01 3.231E-01 1.025E-01
   31  7.4325E+00  1.449E+00 3.681E-01 1.817E+00 4.736E+00 1.059E-01  9.959E-01 1.643E-01 2.542E-01 3.438E-01 1.205E-01
   30  8.1052E+00  1.459E+00 4.068E-01 1.865E+00 5.102E+00 1.146E-01  9.965E-01 1.716E-01 2.789E-01 3.654E-01 1.415E-01
   29  8.8388E+00  1.469E+00 4.493E-01 1.918E+00 5.490E+00 1.239E-01  9.970E-01 1.791E-01 3.059E-01 3.878E-01 1.659E-01
   28  9.6388E+00  1.479E+00 4.961E-01 1.975E+00 5.901E+00 1.337E-01  9.975E-01 1.867E-01 3.355E-01 4.110E-01 1.942E-01
   27  1.0511E+01  1.489E+00 5.477E-01 2.037E+00 6.336E+00 1.442E-01  9.979E-01 1.945E-01 3.679E-01 4.350E-01 2.270E-01
   26  1.1463E+01  1.499E+00 6.046E-01 2.103E+00 6.795E+00 1.554E-01  9.982E-01 2.025E-01 4.034E-01 4.596E-01 2.647E-01
   25  1.2500E+01  1.509E+00 6.671E-01 2.176E+00 7.280E+00 1.671E-01  9.985E-01 2.106E-01 4.422E-01 4.849E-01 3.082E-01
   24  1.3631E+01  1.518E+00 7.360E-01 2.254E+00 7.791E+00 1.795E-01  9.987E-01 2.190E-01 4.847E-01 5.108E-01 3.582E-01
   23  1.4865E+01  1.528E+00 8.117E-01 2.340E+00 8.328E+00 1.926E-01  9.989E-01 2.275E-01 5.312E-01 5.372E-01 4.155E-01
   22  1.6210E+01  1.538E+00 8.950E-01 2.432E+00 8.892E+00 2.063E-01  9.991E-01 2.362E-01 5.821E-01 5.639E-01 4.810E-01
   21  1.7678E+01  1.547E+00 9.866E-01 2.533E+00 9.483E+00 2.206E-01  9.992E-01 2.451E-01 6.378E-01 5.910E-01 5.558E-01
   20  1.9278E+01  1.556E+00 1.087E+00 2.643E+00 1.010E+01 2.355E-01  9.993E-01 2.543E-01 6.987E-01 6.182E-01 6.408E-01
   19  2.1022E+01  1.565E+00 1.198E+00 2.763E+00 1.075E+01 2.510E-01  9.994E-01 2.636E-01 7.654E-01 6.456E-01 7.373E-01
   18  2.2925E+01  1.574E+00 1.319E+00 2.893E+00 1.142E+01 2.671E-01  9.995E-01 2.731E-01 8.384E-01 6.729E-01 8.466E-01
   17  2.5000E+01  1.583E+00 1.453E+00 3.035E+00 1.212E+01 2.838E-01  9.996E-01 2.829E-01 9.182E-01 7.001E-01 9.700E-01
   16  2.7263E+01  1.591E+00 1.600E+00 3.191E+00 1.285E+01 3.009E-01  9.997E-01 2.928E-01 1.005E+00 7.270E-01 1.109E+00
   15  2.9730E+01  1.599E+00 1.760E+00 3.360E+00 1.360E+01 3.185E-01  9.997E-01 3.029E-01 1.101E+00 7.536E-01 1.265E+00
   14  3.2421E+01  1.608E+00 1.937E+00 3.545E+00 1.438E+01 3.365E-01  9.998E-01 3.131E-01 1.205E+00 7.796E-01 1.441E+00
   13  3.5355E+01  1.616E+00 2.131E+00 3.746E+00 1.519E+01 3.549E-01  9.998E-01 3.235E-01 1.319E+00 8.052E-01 1.637E+00
   12  3.8555E+01  1.624E+00 2.343E+00 3.966E+00 1.602E+01 3.735E-01  9.998E-01 3.341E-01 1.443E+00 8.300E-01 1.856E+00
   11  4.2045E+01  1.631E+00 2.576E+00 4.207E+00 1.687E+01 3.925E-01  9.999E-01 3.448E-01 1.579E+00 8.541E-01 2.100E+00
   10  4.5850E+01  1.639E+00 2.831E+00 4.470E+00 1.775E+01 4.116E-01  9.999E-01 3.555E-01 1.727E+00 8.773E-01 2.371E+00
    9  5.0000E+01  1.647E+00 3.111E+00 4.758E+00 1.865E+01 4.309E-01  9.999E-01 3.664E-01 1.889E+00 8.996E-01 2.672E+00
    8  5.4525E+01  1.654E+00 3.418E+00 5.073E+00 1.957E+01 4.502E-01  9.999E-01 3.774E-01 2.066E+00 9.210E-01 3.005E+00
    7  5.9460E+01  1.662E+00 3.755E+00 5.416E+00 2.051E+01 4.696E-01  9.999E-01 3.885E-01 2.259E+00 9.413E-01 3.374E+00
    6  6.4842E+01  1.669E+00 4.123E+00 5.792E+00 2.147E+01 4.890E-01  9.999E-01 3.996E-01 2.470E+00 9.606E-01 3.782E+00
    5  7.0711E+01  1.676E+00 4.526E+00 6.203E+00 2.245E+01 5.082E-01  9.999E-01 4.108E-01 2.700E+00 9.789E-01 4.231E+00
    4  7.7111E+01  1.684E+00 4.968E+00 6.652E+00 2.344E+01 5.273E-01  1.000E+00 4.221E-01 2.951E+00 9.961E-01 4.726E+00
    3  8.4090E+01  1.691E+00 5.452E+00 7.143E+00 2.446E+01 5.462E-01  1.000E+00 4.335E-01 3.224E+00 1.012E+00 5.271E+00
    2  9.1700E+01  1.698E+00 5.981E+00 7.679E+00 2.548E+01 5.649E-01  1.000E+00 4.449E-01 3.522E+00 1.027E+00 5.870E+00
    1  1.0000E+02  1.705E+00 6.560E+00 8.265E+00 2.653E+01 5.833E-01  1.000E+00 4.563E-01 3.847E+00 1.042E+00 6.527E+00
